144 126 -6.098594500000001e-11
142 128 -6.098594500000001e-11
128 142 -6.098594500000001e-11
138 142  4.9309901e-10
154 142  2.0714141e-10
126 144 -6.098594500000001e-11
138 158  2.0714141e-10
160 158  1.3572541e-10
158 160  1.3572541e-10
186 174  1.0982181e-10
170 190  1.0982181e-10
186 190  1.9021861e-10
224 221 -3.159331e-10
223 222 -3.159331e-10
222 223 -3.159331e-10
221 224 -3.159331e-10
240 238  8.714792000000001e-11
238 240  8.714792000000001e-11
256 253 -2.3723511e-10
255 254 -2.3723511e-10
266 254  3.4118261e-11
254 255 -2.3723511e-10
253 256 -2.3723511e-10
272 269 -2.0848631e-10
250 270  3.4118261e-11
266 270  6.191358900000001e-11
271 270 -2.0848631e-10
270 271 -2.0848631e-10
269 272 -2.0848631e-10
288 286  7.174948700000001e-11
286 288  7.174948700000001e-11
319 316 -2.0328791e-20
316 319 -2.0328791e-20
335 332 -2.0328791e-20
332 335 -2.0328791e-20
368 365 -1.1023561e-10
367 366 -1.1023561e-10
366 367 -1.1023561e-10
365 368 -1.1023561e-10
377 382  6.4565681e-10
400 397 -9.2622791e-11
393 398  3.5576031e-10
399 398 -9.2622791e-11
410 398  8.636628300000001e-12
398 399 -9.2622791e-11
397 400 -9.2622791e-11
394 414  8.636628300000001e-12
